T = 1400 K, P = 10500 Pa, N = 1
3
207
0.025  0.025  -80818  
1e-15  0.35  -119854  
1e-15  0.275  -114417  
0.025  0.025  -80818  
1e-15  0.4  -122454  
1e-15  0.35  -119854  
0.025  0.025  -80818  
1e-15  0.45  -124304  
1e-15  0.4  -122454  
0.025  0.025  -80818  
1e-15  0.5  -125463  
1e-15  0.45  -124304  
0.025  0.025  -80818  
1e-15  0.55  -125984  
1e-15  0.5  -125463  
0.025  0.025  -80818  
1e-15  0.575  -126021  
1e-15  0.55  -125984  
0.025  0.025  -80818  
1e-15  0.625  -125683  
1e-15  0.575  -126021  
0.025  0.025  -80818  
1e-15  0.675  -124834  
1e-15  0.625  -125683  
0.025  0.025  -80818  
1e-15  0.725  -123518  
1e-15  0.675  -124834  
0.025  0.025  -80818  
1e-15  0.775  -121775  
1e-15  0.725  -123518  
0.025  0.025  -80818  
1e-15  0.825  -119637  
1e-15  0.775  -121775  
0.025  0.025  -80818  
1e-15  0.875  -117123  
1e-15  0.825  -119637  
0.025  0.025  -80818  
1e-15  0.925  -114216  
1e-15  0.875  -117123  
0.025  0.025  -80818  
1e-15  0.975  -110788  
1e-15  0.925  -114216  
0.075  0.025  -82060.1  
0.025  0.075  -89986.9  
0.025  0.025  -80818  
0.125  0.025  -82878.5  
0.025  0.075  -89986.9  
0.075  0.025  -82060.1  
0.175  0.025  -83455.2  
0.025  0.075  -89986.9  
0.125  0.025  -82878.5  
0.225  0.025  -83859.1  
0.025  0.075  -89986.9  
0.175  0.025  -83455.2  
0.275  0.025  -84125.9  
0.025  0.075  -89986.9  
0.225  0.025  -83859.1  
0.35  0.025  -84313.1  
0.025  0.075  -89986.9  
0.275  0.025  -84125.9  
0.375  0.025  -84325.1  
0.025  0.075  -89986.9  
0.35  0.025  -84313.1  
0.425  0.025  -84279.2  
0.025  0.075  -89986.9  
0.375  0.025  -84325.1  
0.475  0.025  -84143.7  
0.025  0.075  -89986.9  
0.425  0.025  -84279.2  
0.525  0.025  -83920.8  
0.025  0.075  -89986.9  
0.475  0.025  -84143.7  
0.575  0.025  -83609.6  
0.025  0.075  -89986.9  
0.525  0.025  -83920.8  
0.625  0.025  -83207  
0.025  0.075  -89986.9  
0.575  0.025  -83609.6  
0.675  0.025  -82706.5  
0.025  0.075  -89986.9  
0.625  0.025  -83207  
0.075  0.075  -90734.9  
0.025  0.125  -97727  
0.025  0.075  -89986.9  
0.675  0.025  -82706.5  
0.075  0.075  -90734.9  
0.025  0.075  -89986.9  
0.125  0.075  -91087.5  
0.025  0.125  -97727  
0.075  0.075  -90734.9  
0.175  0.075  -91226.9  
0.025  0.125  -97727  
0.125  0.075  -91087.5  
0.725  0.025  -82097.5  
0.175  0.075  -91226.9  
0.125  0.075  -91087.5  
0.2  0.075  -91239.5  
0.025  0.125  -97727  
0.175  0.075  -91226.9  
0.725  0.025  -82097.5  
0.2  0.075  -91239.5  
0.175  0.075  -91226.9  
0.25  0.075  -91175.9  
0.025  0.125  -97727  
0.2  0.075  -91239.5  
0.3  0.075  -91014.5  
0.025  0.125  -97727  
0.25  0.075  -91175.9  
0.375  0.075  -90622.7  
0.025  0.125  -97727  
0.3  0.075  -91014.5  
0.775  0.025  -81363.3  
0.375  0.075  -90622.7  
0.3  0.075  -91014.5  
0.075  0.125  -97984.2  
0.025  0.175  -104274  
0.025  0.125  -97727  
0.425  0.075  -90274.7  
0.075  0.125  -97984.2  
0.025  0.125  -97727  
0.1  0.125  -97959.1  
0.025  0.175  -104274  
0.075  0.125  -97984.2  
0.15  0.125  -97744.5  
0.025  0.175  -104274  
0.1  0.125  -97959.1  
0.475  0.075  -89862.2  
0.15  0.125  -97744.5  
0.1  0.125  -97959.1  
0.825  0.025  -80476.5  
0.475  0.075  -89862.2  
0.1  0.125  -97959.1  
0.825  0.025  -80476.5  
0.15  0.125  -97744.5  
0.475  0.075  -89862.2  
0.2  0.125  -97384.9  
0.025  0.175  -104274  
0.15  0.125  -97744.5  
0.25  0.125  -96927.9  
0.025  0.175  -104274  
0.2  0.125  -97384.9  
0.525  0.075  -89386.1  
0.25  0.125  -96927.9  
0.2  0.125  -97384.9  
0.3  0.125  -96400.1  
0.025  0.175  -104274  
0.25  0.125  -96927.9  
0.575  0.075  -88844.1  
0.3  0.125  -96400.1  
0.25  0.125  -96927.9  
0.05  0.175  -104224  
0.025  0.225  -109750  
0.025  0.175  -104274  
0.1  0.175  -103785  
0.025  0.225  -109750  
0.05  0.175  -104224  
0.15  0.175  -103125  
0.025  0.225  -109750  
0.1  0.175  -103785  
0.375  0.125  -95507.8  
0.15  0.175  -103125  
0.1  0.175  -103785  
0.625  0.075  -88230.5  
0.375  0.125  -95507.8  
0.1  0.175  -103785  
0.875  0.025  -79388.9  
0.625  0.075  -88230.5  
0.1  0.175  -103785  
0.875  0.025  -79388.9  
0.15  0.175  -103125  
0.375  0.125  -95507.8  
0.2  0.175  -102347  
0.025  0.225  -109750  
0.15  0.175  -103125  
0.425  0.125  -94857.7  
0.2  0.175  -102347  
0.15  0.175  -103125  
0.675  0.075  -87535.3  
0.025  0.225  -109750  
0.2  0.175  -102347  
0.25  0.175  -101498  
0.05  0.225  -109454  
0.025  0.225  -109750  
0.675  0.075  -87535.3  
0.25  0.175  -101498  
0.025  0.225  -109750  
0.1  0.225  -108544  
0.05  0.275  -113704  
0.05  0.225  -109454  
0.475  0.125  -94167  
0.1  0.225  -108544  
0.05  0.225  -109454  
0.15  0.225  -107441  
0.05  0.275  -113704  
0.1  0.225  -108544  
0.3  0.175  -100605  
0.15  0.225  -107441  
0.1  0.225  -108544  
0.525  0.125  -93434.9  
0.15  0.225  -107441  
0.3  0.175  -100605  
0.2  0.225  -106246  
0.05  0.275  -113704  
0.15  0.225  -107441  
0.375  0.175  -99212.8  
0.2  0.225  -106246  
0.15  0.225  -107441  
0.725  0.075  -86742.4  
0.375  0.175  -99212.8  
0.15  0.225  -107441  
0.1  0.275  -112326  
0.05  0.35  -118402  
0.05  0.275  -113704  
0.25  0.225  -105007  
0.1  0.275  -112326  
0.05  0.275  -113704  
0.575  0.125  -92656.8  
0.25  0.225  -105007  
0.05  0.275  -113704  
0.425  0.175  -98259.3  
0.1  0.275  -112326  
0.25  0.225  -105007  
0.15  0.275  -110780  
0.05  0.35  -118402  
0.1  0.275  -112326  
0.3  0.225  -103749  
0.15  0.275  -110780  
0.1  0.275  -112326  
0.2  0.275  -109170  
0.05  0.35  -118402  
0.15  0.275  -110780  
0.475  0.175  -97287.5  
0.2  0.275  -109170  
0.15  0.275  -110780  
0.625  0.125  -91823.4  
0.475  0.175  -97287.5  
0.15  0.275  -110780  
0.775  0.075  -85824.7  
0.625  0.125  -91823.4  
0.15  0.275  -110780  
0.925  0.025  -77995.6  
0.775  0.075  -85824.7  
0.15  0.275  -110780  
0.775  0.075  -85824.7  
0.475  0.175  -97287.5  
0.625  0.125  -91823.4  
0.925  0.025  -77995.6  
0.2  0.275  -109170  
0.475  0.175  -97287.5  
0.25  0.275  -107541  
0.05  0.35  -118402  
0.2  0.275  -109170  
0.375  0.225  -101855  
0.25  0.275  -107541  
0.2  0.275  -109170  
0.525  0.175  -96294.2  
0.05  0.35  -118402  
0.25  0.275  -107541  
0.1  0.35  -116323  
0.05  0.4  -120510  
0.05  0.35  -118402  
0.525  0.175  -96294.2  
0.1  0.35  -116323  
0.05  0.35  -118402  
0.675  0.125  -90919.2  
0.1  0.35  -116323  
0.525  0.175  -96294.2  
0.15  0.35  -114117  
0.05  0.4  -120510  
0.1  0.35  -116323  
0.3  0.275  -105918  
0.15  0.35  -114117  
0.1  0.35  -116323  
0.425  0.225  -100596  
0.3  0.275  -105918  
0.1  0.35  -116323  
0.575  0.175  -95271.2  
0.15  0.35  -114117  
0.3  0.275  -105918  
0.575  0.175  -95271.2  
0.05  0.4  -120510  
0.15  0.35  -114117  
0.1  0.4  -117967  
0.05  0.45  -121870  
0.05  0.4  -120510  
0.2  0.35  -111885  
0.1  0.4  -117967  
0.05  0.4  -120510  
0.475  0.225  -99337.6  
0.2  0.35  -111885  
0.05  0.4  -120510  
0.825  0.075  -84734.1  
0.475  0.225  -99337.6  
0.05  0.4  -120510  
0.825  0.075  -84734.1  
0.2  0.35  -111885  
0.475  0.225  -99337.6  
0.375  0.275  -103519  
0.1  0.4  -117967  
0.2  0.35  -111885  
0.15  0.4  -115320  
0.05  0.45  -121870  
0.1  0.4  -117967  
0.25  0.35  -109670  
0.15  0.4  -115320  
0.1  0.4  -117967  
0.625  0.175  -94203.7  
0.25  0.35  -109670  
0.1  0.4  -117967  
0.725  0.125  -89917.6  
0.625  0.175  -94203.7  
0.1  0.4  -117967  
0.625  0.175  -94203.7  
0.15  0.4  -115320  
0.25  0.35  -109670  
0.525  0.225  -98074.3  
0.05  0.45  -121870  
0.15  0.4  -115320  
0.1  0.45  -118861  
0.05  0.5  -122538  
0.05  0.45  -121870  
0.2  0.4  -112671  
0.1  0.45  -118861  
0.05  0.45  -121870  
0.3  0.35  -107494  
0.2  0.4  -112671  
0.05  0.45  -121870  
0.425  0.275  -101948  
0.3  0.35  -107494  
0.05  0.45  -121870  
0.525  0.225  -98074.3  
0.425  0.275  -101948  
0.05  0.45  -121870  
0.2  0.4  -112671  
0.05  0.5  -122538  
0.1  0.45  -118861  
0.3  0.35  -107494  
0.05  0.5  -122538  
0.2  0.4  -112671  
0.475  0.275  -100395  
0.05  0.5  -122538  
0.3  0.35  -107494  
0.15  0.45  -115774  
0.05  0.525  -122629  
0.05  0.5  -122538  
0.575  0.225  -96792  
0.15  0.45  -115774  
0.05  0.5  -122538  
0.2  0.425  -112779  
0.05  0.525  -122629  
0.15  0.45  -115774  
0.575  0.225  -96792  
0.2  0.425  -112779  
0.15  0.45  -115774  
0.25  0.4  -110062  
0.05  0.525  -122629  
0.2  0.425  -112779  
0.3  0.375  -107602  
0.05  0.525  -122629  
0.25  0.4  -110062  
0.675  0.175  -93065.7  
0.05  0.525  -122629  
0.3  0.375  -107602  
0.1  0.5  -119063  
0.05  0.575  -122358  
0.05  0.525  -122629  
0.775  0.125  -88771  
0.1  0.5  -119063  
0.05  0.525  -122629  
0.1  0.525  -118920  
0.05  0.575  -122358  
0.1  0.5  -119063  
0.15  0.475  -115736  
0.1  0.525  -118920  
0.1  0.5  -119063  
0.775  0.125  -88771  
0.15  0.475  -115736  
0.1  0.5  -119063  
0.25  0.425  -109971  
0.1  0.525  -118920  
0.15  0.475  -115736  
0.375  0.35  -104323  
0.25  0.425  -109971  
0.15  0.475  -115736  
0.425  0.325  -102380  
0.25  0.425  -109971  
0.375  0.35  -104323  
0.475  0.3  -100570  
0.1  0.525  -118920  
0.25  0.425  -109971  
0.525  0.275  -98847.2  
0.1  0.525  -118920  
0.475  0.3  -100570  
0.2  0.475  -112456  
0.05  0.575  -122358  
0.1  0.525  -118920  
0.375  0.375  -104167  
0.05  0.575  -122358  
0.2  0.475  -112456  
0.625  0.225  -95465.7  
0.375  0.375  -104167  
0.2  0.475  -112456  
0.875  0.075  -83366.3  
0.625  0.225  -95465.7  
0.2  0.475  -112456  
0.875  0.075  -83366.3  
0.375  0.375  -104167  
0.625  0.225  -95465.7  
0.625  0.225  -95465.7  
0.05  0.575  -122358  
0.375  0.375  -104167  
0.875  0.075  -83366.3  
0.05  0.575  -122358  
0.625  0.225  -95465.7  
0.1  0.575  -118177  
0.05  0.625  -121524  
0.05  0.575  -122358  
0.15  0.525  -115164  
0.1  0.575  -118177  
0.05  0.575  -122358  
0.3  0.425  -107232  
0.15  0.525  -115164  
0.05  0.575  -122358  
0.25  0.475  -109245  
0.1  0.575  -118177  
0.15  0.525  -115164  
0.525  0.3  -98871.8  
0.25  0.475  -109245  
0.15  0.525  -115164  
0.725  0.175  -91810.2  
0.1  0.575  -118177  
0.25  0.475  -109245  
0.2  0.525  -111456  
0.05  0.625  -121524  
0.1  0.575  -118177  
0.425  0.375  -101941  
0.2  0.525  -111456  
0.1  0.575  -118177  
0.575  0.275  -97281  
0.425  0.375  -101941  
0.1  0.575  -118177  
0.1  0.625  -116864  
0.05  0.675  -120171  
0.05  0.625  -121524  
0.15  0.575  -113968  
0.1  0.625  -116864  
0.05  0.625  -121524  
0.625  0.25  -95692.2  
0.15  0.575  -113968  
0.05  0.625  -121524  
0.3  0.475  -106117  
0.1  0.625  -116864  
0.15  0.575  -113968  
0.375  0.425  -103253  
0.1  0.625  -116864  
0.3  0.475  -106117  
0.675  0.225  -94048.6  
0.1  0.625  -116864  
0.375  0.425  -103253  
0.25  0.525  -107831  
0.05  0.675  -120171  
0.1  0.625  -116864  
0.575  0.3  -97148.7  
0.05  0.675  -120171  
0.25  0.525  -107831  
0.1  0.675  -115021  
0.05  0.725  -118340  
0.05  0.675  -120171  
0.15  0.625  -112190  
0.1  0.675  -115021  
0.05  0.675  -120171  
0.2  0.575  -109820  
0.15  0.625  -112190  
0.05  0.675  -120171  
0.475  0.375  -99744.6  
0.2  0.575  -109820  
0.05  0.675  -120171  
0.825  0.125  -87375.2  
0.2  0.575  -109820  
0.475  0.375  -99744.6  
0.3  0.525  -104294  
0.1  0.675  -115021  
0.15  0.625  -112190  
0.425  0.425  -100668  
0.3  0.525  -104294  
0.15  0.625  -112190  
0.375  0.475  -101562  
0.05  0.725  -118340  
0.1  0.675  -115021  
0.1  0.725  -112682  
0.05  0.775  -116063  
0.05  0.725  -118340  
0.15  0.675  -109864  
0.1  0.725  -112682  
0.05  0.725  -118340  
0.2  0.625  -107585  
0.15  0.675  -109864  
0.05  0.725  -118340  
0.25  0.575  -105762  
0.2  0.625  -107585  
0.05  0.725  -118340  
0.675  0.25  -94104.3  
0.2  0.625  -107585  
0.25  0.575  -105762  
0.775  0.175  -90333.2  
0.2  0.625  -107585  
0.675  0.25  -94104.3  
0.525  0.375  -97533.4  
0.15  0.675  -109864  
0.2  0.625  -107585  
0.625  0.3  -95334.7  
0.1  0.725  -112682  
0.15  0.675  -109864  
0.475  0.425  -98092  
0.05  0.775  -116063  
0.1  0.725  -112682  
0.1  0.775  -109864  
0.05  0.825  -113359  
0.05  0.775  -116063  
0.15  0.725  -107008  
0.1  0.775  -109864  
0.05  0.775  -116063  
0.2  0.675  -104767  
0.15  0.725  -107008  
0.05  0.775  -116063  
0.25  0.625  -103060  
0.2  0.675  -104767  
0.05  0.775  -116063  
0.3  0.575  -101784  
0.25  0.625  -103060  
0.05  0.775  -116063  
0.725  0.225  -92437.5  
0.3  0.575  -101784  
0.05  0.775  -116063  
0.425  0.475  -98572.6  
0.25  0.625  -103060  
0.3  0.575  -101784  
0.375  0.525  -99104.3  
0.2  0.675  -104767  
0.25  0.625  -103060  
0.1  0.825  -106553  
0.05  0.875  -110213  
0.05  0.825  -113359  
0.15  0.775  -103609  
0.1  0.825  -106553  
0.05  0.825  -113359  
0.2  0.725  -101355  
0.15  0.775  -103609  
0.05  0.825  -113359  
0.25  0.675  -99711.4  
0.2  0.725  -101355  
0.05  0.825  -113359  
0.3  0.625  -98575.9  
0.25  0.675  -99711.4  
0.05  0.825  -113359  
0.575  0.375  -95207.1  
0.3  0.625  -98575.9  
0.05  0.825  -113359  
0.775  0.2  -90548.1  
0.3  0.625  -98575.9  
0.575  0.375  -95207.1  
0.525  0.425  -95424.9  
0.25  0.675  -99711.4  
0.3  0.625  -98575.9  
0.475  0.475  -95515.2  
0.2  0.725  -101355  
0.25  0.675  -99711.4  
0.725  0.25  -92218.6  
0.15  0.775  -103609  
0.2  0.725  -101355  
0.425  0.525  -95608.3  
0.1  0.825  -106553  
0.15  0.775  -103609  
0.375  0.575  -95831.5  
0.05  0.875  -110213  
0.1  0.825  -106553  
0.1  0.875  -102621  
0.05  0.925  -106495  
0.05  0.875  -110213  
0.15  0.825  -99537.4  
0.1  0.875  -102621  
0.05  0.875  -110213  
0.2  0.775  -97220.1  
0.15  0.825  -99537.4  
0.05  0.875  -110213  
0.25  0.725  -95588.8  
0.2  0.775  -97220.1  
0.05  0.875  -110213  
0.3  0.675  -94541.9  
0.25  0.725  -95588.8  
0.05  0.875  -110213  
0.675  0.3  -93249.8  
0.3  0.675  -94541.9  
0.05  0.875  -110213  
0.425  0.575  -91332.4  
0.375  0.625  -91300.3  
0.05  0.925  -106495  
0.475  0.525  -91572.9  
0.425  0.575  -91332.4  
0.05  0.925  -106495  
0.525  0.475  -91895.2  
0.475  0.525  -91572.9  
0.05  0.925  -106495  
0.575  0.425  -92170.7  
0.525  0.475  -91895.2  
0.05  0.925  -106495  
0.625  0.375  -92268.1  
0.575  0.425  -92170.7  
0.05  0.925  -106495  
0.825  0.175  -88135  
0.625  0.375  -92268.1  
0.05  0.925  -106495  
0.875  0.125  -85230.2  
0.825  0.175  -88135  
0.05  0.925  -106495  
0.925  0.075  -81220.9  
0.875  0.125  -85230.2  
0.05  0.925  -106495  
0.975  0.025  -75796.1  
0.925  0.075  -81220.9  
0.05  0.925  -106495  
