T = 1600 K, P = 101325 Pa, N = 0
3
4
LIQUID
1275
0.01  0.01  0.98  -112517  
0.01  0.03  0.96  -114610  
0.01  0.05  0.94  -116511  
0.01  0.07  0.92  -118294  
0.01  0.09  0.9  -119982  
0.01  0.11  0.88  -121585  
0.01  0.13  0.86  -123105  
0.01  0.15  0.84  -124541  
0.01  0.17  0.82  -125893  
0.01  0.19  0.8  -127158  
0.01  0.21  0.78  -128332  
0.01  0.23  0.76  -129412  
0.01  0.25  0.74  -130395  
0.01  0.27  0.72  -131277  
0.01  0.29  0.7  -132056  
0.01  0.31  0.68  -132727  
0.01  0.34  0.65  -133528  
0.01  0.36  0.63  -133922  
0.01  0.38  0.61  -134200  
0.01  0.4  0.59  -134361  
0.01  0.42  0.57  -134403  
0.01  0.43  0.56  -134380  
0.01  0.45  0.54  -134244  
0.01  0.47  0.52  -133987  
0.01  0.49  0.5  -133610  
0.01  0.51  0.48  -133113  
0.01  0.53  0.46  -132496  
0.01  0.55  0.44  -131761  
0.01  0.57  0.42  -130908  
0.01  0.59  0.4  -129939  
0.01  0.61  0.38  -128857  
0.01  0.63  0.36  -127662  
0.01  0.65  0.34  -126360  
0.01  0.67  0.32  -124951  
0.01  0.69  0.3  -123439  
0.01  0.71  0.28  -121829  
0.01  0.73  0.26  -120123  
0.01  0.75  0.24  -118326  
0.01  0.77  0.22  -116442  
0.01  0.79  0.2  -114475  
0.01  0.81  0.18  -112430  
0.01  0.83  0.16  -110310  
0.01  0.85  0.14  -108120  
0.01  0.87  0.12  -105864  
0.01  0.89  0.1  -103542  
0.01  0.91  0.08  -101154  
0.01  0.93  0.06  -98697.5  
0.01  0.95  0.04  -96157.5  
0.01  0.97  0.02  -93495.8  
1e-15  0.99  0.01  -90662.5  
0.03  0.01  0.96  -115058  
0.03  0.03  0.94  -117425  
0.03  0.05  0.92  -119582  
0.03  0.07  0.9  -121605  
0.03  0.09  0.88  -123518  
0.03  0.11  0.86  -125328  
0.03  0.13  0.84  -127040  
0.03  0.15  0.82  -128653  
0.03  0.17  0.8  -130166  
0.03  0.19  0.78  -131576  
0.03  0.21  0.76  -132880  
0.03  0.23  0.74  -134076  
0.03  0.25  0.72  -135159  
0.03  0.27  0.7  -136127  
0.03  0.29  0.68  -136976  
0.03  0.31  0.66  -137705  
0.03  0.34  0.63  -138565  
0.03  0.36  0.61  -138980  
0.03  0.38  0.59  -139267  
0.03  0.4  0.57  -139422  
0.03  0.41  0.56  -139451  
0.03  0.43  0.54  -139409  
0.03  0.45  0.52  -139234  
0.03  0.47  0.5  -138926  
0.03  0.49  0.48  -138485  
0.03  0.51  0.46  -137911  
0.03  0.53  0.44  -137205  
0.03  0.55  0.42  -136368  
0.03  0.57  0.4  -135401  
0.03  0.59  0.38  -134307  
0.03  0.61  0.36  -133086  
0.03  0.63  0.34  -131743  
0.03  0.65  0.32  -130279  
0.03  0.67  0.3  -128697  
0.03  0.69  0.28  -127001  
0.03  0.71  0.26  -125195  
0.03  0.73  0.24  -123282  
0.03  0.75  0.22  -121266  
0.03  0.77  0.2  -119151  
0.03  0.79  0.18  -116942  
0.03  0.81  0.16  -114642  
0.03  0.83  0.14  -112256  
0.03  0.85  0.12  -109785  
0.03  0.87  0.1  -107232  
0.03  0.89  0.08  -104597  
0.03  0.91  0.06  -101875  
0.03  0.93  0.04  -99051.8  
0.02  0.95  0.03  -96251.1  
0.02  0.97  0.01  -93330.1  
0.05  0.01  0.94  -117425  
0.05  0.03  0.92  -120049  
0.05  0.05  0.9  -122448  
0.05  0.07  0.88  -124696  
0.05  0.09  0.86  -126816  
0.05  0.11  0.84  -128819  
0.05  0.13  0.82  -130708  
0.05  0.15  0.8  -132482  
0.05  0.17  0.78  -134141  
0.05  0.19  0.76  -135681  
0.05  0.21  0.74  -137101  
0.05  0.23  0.72  -138397  
0.05  0.25  0.7  -139566  
0.05  0.27  0.68  -140605  
0.05  0.29  0.66  -141512  
0.05  0.31  0.64  -142283  
0.05  0.34  0.61  -143181  
0.05  0.36  0.59  -143604  
0.05  0.38  0.57  -143885  
0.05  0.4  0.55  -144022  
0.05  0.41  0.54  -144036  
0.05  0.43  0.52  -143955  
0.05  0.45  0.5  -143728  
0.05  0.47  0.48  -143355  
0.05  0.49  0.46  -142837  
0.05  0.51  0.44  -142173  
0.05  0.53  0.42  -141365  
0.05  0.55  0.4  -140413  
0.05  0.57  0.38  -139320  
0.05  0.59  0.36  -138087  
0.05  0.61  0.34  -136716  
0.05  0.63  0.32  -135210  
0.05  0.65  0.3  -133573  
0.05  0.67  0.28  -131806  
0.05  0.69  0.26  -129913  
0.05  0.71  0.24  -127898  
0.05  0.73  0.22  -125765  
0.05  0.75  0.2  -123518  
0.05  0.77  0.18  -121160  
0.05  0.79  0.16  -118695  
0.05  0.81  0.14  -116127  
0.05  0.83  0.12  -113459  
0.05  0.85  0.1  -110691  
0.05  0.87  0.08  -107824  
0.05  0.89  0.06  -104853  
0.04  0.91  0.05  -101918  
0.04  0.93  0.03  -98893.3  
0.04  0.95  0.01  -95670.7  
0.07  0.01  0.92  -119696  
0.07  0.03  0.9  -122561  
0.07  0.05  0.88  -125185  
0.07  0.07  0.86  -127642  
0.07  0.09  0.84  -129956  
0.07  0.11  0.82  -132136  
0.07  0.13  0.8  -134186  
0.07  0.15  0.78  -136106  
0.07  0.17  0.76  -137895  
0.07  0.19  0.74  -139551  
0.07  0.21  0.72  -141072  
0.07  0.23  0.7  -142453  
0.07  0.25  0.68  -143694  
0.07  0.27  0.66  -144790  
0.07  0.29  0.64  -145739  
0.07  0.31  0.62  -146538  
0.07  0.34  0.59  -147453  
0.07  0.36  0.57  -147870  
0.07  0.38  0.55  -148131  
0.07  0.4  0.53  -148235  
0.07  0.41  0.52  -148228  
0.07  0.43  0.5  -148094  
0.07  0.45  0.48  -147802  
0.07  0.47  0.46  -147351  
0.07  0.49  0.44  -146742  
0.07  0.51  0.42  -145975  
0.07  0.53  0.4  -145052  
0.07  0.55  0.38  -143973  
0.07  0.57  0.36  -142740  
0.07  0.59  0.34  -141356  
0.07  0.61  0.32  -139822  
0.07  0.63  0.3  -138142  
0.07  0.65  0.28  -136318  
0.07  0.67  0.26  -134353  
0.07  0.69  0.24  -132251  
0.07  0.71  0.22  -130016  
0.07  0.73  0.2  -127650  
0.07  0.75  0.18  -125158  
0.07  0.77  0.16  -122544  
0.07  0.79  0.14  -119810  
0.07  0.81  0.12  -116959  
0.07  0.83  0.1  -113992  
0.07  0.85  0.08  -110909  
0.06  0.87  0.07  -107852  
0.06  0.89  0.05  -104702  
0.06  0.91  0.03  -101410  
0.06  0.93  0.01  -97902.2  
0.09  0.01  0.9  -121894  
0.09  0.03  0.88  -124986  
0.09  0.05  0.86  -127819  
0.09  0.07  0.84  -130469  
0.09  0.09  0.82  -132960  
0.09  0.11  0.8  -135302  
0.09  0.13  0.78  -137499  
0.09  0.15  0.76  -139550  
0.09  0.17  0.74  -141454  
0.09  0.19  0.72  -143211  
0.09  0.21  0.7  -144817  
0.09  0.23  0.68  -146269  
0.09  0.25  0.66  -147566  
0.09  0.27  0.64  -148704  
0.09  0.29  0.62  -149681  
0.09  0.31  0.6  -150495  
0.09  0.34  0.57  -151405  
0.09  0.36  0.55  -151802  
0.09  0.38  0.53  -152030  
0.09  0.4  0.51  -152087  
0.09  0.41  0.5  -152051  
0.09  0.43  0.48  -151852  
0.09  0.45  0.46  -151481  
0.09  0.47  0.44  -150939  
0.09  0.49  0.42  -150226  
0.09  0.51  0.4  -149343  
0.09  0.53  0.38  -148291  
0.09  0.55  0.36  -147072  
0.09  0.57  0.34  -145687  
0.09  0.59  0.32  -144139  
0.09  0.61  0.3  -142430  
0.09  0.63  0.28  -140562  
0.09  0.65  0.26  -138539  
0.09  0.67  0.24  -136364  
0.09  0.69  0.22  -134040  
0.09  0.71  0.2  -131571  
0.09  0.73  0.18  -128960  
0.09  0.75  0.16  -126210  
0.09  0.77  0.14  -123325  
0.09  0.79  0.12  -120307  
0.09  0.81  0.1  -117157  
0.08  0.83  0.09  -114014  
0.08  0.85  0.07  -110765  
0.08  0.87  0.05  -107381  
0.08  0.89  0.03  -103838  
0.08  0.91  0.01  -100062  
0.11  0.01  0.88  -124032  
0.11  0.03  0.86  -127334  
0.11  0.05  0.84  -130360  
0.11  0.07  0.82  -133188  
0.11  0.09  0.8  -135841  
0.11  0.11  0.78  -138329  
0.11  0.13  0.76  -140656  
0.11  0.15  0.74  -142822  
0.11  0.17  0.72  -144828  
0.11  0.19  0.7  -146670  
0.11  0.21  0.68  -148346  
0.11  0.23  0.66  -149855  
0.11  0.25  0.64  -151193  
0.11  0.27  0.62  -152359  
0.11  0.29  0.6  -153350  
0.11  0.31  0.58  -154163  
0.11  0.34  0.55  -155047  
0.11  0.36  0.53  -155410  
0.11  0.38  0.51  -155590  
0.11  0.39  0.5  -155612  
0.11  0.41  0.48  -155517  
0.11  0.43  0.46  -155238  
0.11  0.45  0.44  -154775  
0.11  0.47  0.42  -154128  
0.11  0.49  0.4  -153298  
0.11  0.51  0.38  -152286  
0.11  0.53  0.36  -151093  
0.11  0.55  0.34  -149720  
0.11  0.57  0.32  -148171  
0.11  0.59  0.3  -146446  
0.11  0.61  0.28  -144548  
0.11  0.63  0.26  -142481  
0.11  0.65  0.24  -140247  
0.11  0.67  0.22  -137848  
0.11  0.69  0.2  -135290  
0.11  0.71  0.18  -132574  
0.11  0.73  0.16  -129704  
0.11  0.75  0.14  -126683  
0.11  0.77  0.12  -123512  
0.1  0.79  0.11  -120327  
0.1  0.81  0.09  -117020  
0.1  0.83  0.07  -113570  
0.1  0.85  0.05  -109968  
0.1  0.87  0.03  -106190  
0.1  0.89  0.01  -102163  
0.13  0.01  0.86  -126113  
0.13  0.03  0.84  -129608  
0.13  0.05  0.82  -132812  
0.13  0.07  0.8  -135802  
0.13  0.09  0.78  -138601  
0.13  0.11  0.76  -141219  
0.13  0.13  0.74  -143662  
0.13  0.15  0.72  -145928  
0.13  0.17  0.7  -148018  
0.13  0.19  0.68  -149931  
0.13  0.21  0.66  -151663  
0.13  0.23  0.64  -153213  
0.13  0.25  0.62  -154579  
0.13  0.27  0.6  -155757  
0.13  0.29  0.58  -156747  
0.13  0.31  0.56  -157546  
0.13  0.34  0.53  -158383  
0.13  0.36  0.51  -158698  
0.13  0.38  0.49  -158817  
0.13  0.39  0.48  -158803  
0.13  0.41  0.46  -158628  
0.13  0.43  0.44  -158256  
0.13  0.45  0.42  -157687  
0.13  0.47  0.4  -156922  
0.13  0.49  0.38  -155962  
0.13  0.51  0.36  -154808  
0.13  0.53  0.34  -153460  
0.13  0.55  0.32  -151922  
0.13  0.57  0.3  -150195  
0.13  0.59  0.28  -148280  
0.13  0.61  0.26  -146182  
0.13  0.63  0.24  -143902  
0.13  0.65  0.22  -141443  
0.13  0.67  0.2  -138809  
0.13  0.69  0.18  -136003  
0.13  0.71  0.16  -133027  
0.13  0.73  0.14  -129884  
0.12  0.75  0.13  -126702  
0.12  0.77  0.11  -123383  
0.12  0.79  0.09  -119907  
0.12  0.81  0.07  -116272  
0.12  0.83  0.05  -112467  
0.12  0.85  0.03  -108471  
0.12  0.87  0.01  -104207  
0.15  0.01  0.84  -128136  
0.15  0.03  0.82  -131809  
0.15  0.05  0.8  -135175  
0.15  0.07  0.78  -138310  
0.15  0.09  0.76  -141239  
0.15  0.11  0.74  -143973  
0.15  0.13  0.72  -146515  
0.15  0.15  0.7  -148866  
0.15  0.17  0.68  -151026  
0.15  0.19  0.66  -152994  
0.15  0.21  0.64  -154767  
0.15  0.23  0.62  -156344  
0.15  0.25  0.6  -157722  
0.15  0.27  0.58  -158899  
0.15  0.29  0.56  -159873  
0.15  0.31  0.54  -160643  
0.15  0.34  0.51  -161412  
0.15  0.36  0.49  -161665  
0.15  0.37  0.48  -161713  
0.15  0.39  0.46  -161653  
0.15  0.41  0.44  -161384  
0.15  0.43  0.42  -160905  
0.15  0.45  0.4  -160218  
0.15  0.47  0.38  -159322  
0.15  0.49  0.36  -158218  
0.15  0.51  0.34  -156908  
0.15  0.53  0.32  -155394  
0.15  0.55  0.3  -153677  
0.15  0.57  0.28  -151759  
0.15  0.59  0.26  -149642  
0.15  0.61  0.24  -147330  
0.15  0.63  0.22  -144825  
0.15  0.65  0.2  -142129  
0.15  0.67  0.18  -139246  
0.15  0.69  0.16  -136178  
0.14  0.71  0.15  -133046  
0.14  0.73  0.13  -129762  
0.14  0.75  0.11  -126304  
0.14  0.77  0.09  -122675  
0.14  0.79  0.07  -118869  
0.14  0.81  0.05  -114878  
0.14  0.83  0.03  -110679  
0.14  0.85  0.01  -106195  
0.17  0.01  0.82  -130099  
0.17  0.03  0.8  -133934  
0.17  0.05  0.78  -137445  
0.17  0.07  0.76  -140711  
0.17  0.09  0.74  -143755  
0.17  0.11  0.72  -146588  
0.17  0.13  0.7  -149214  
0.17  0.15  0.68  -151635  
0.17  0.17  0.66  -153849  
0.17  0.19  0.64  -155857  
0.17  0.21  0.62  -157656  
0.17  0.23  0.6  -159244  
0.17  0.25  0.58  -160620  
0.17  0.27  0.56  -161781  
0.17  0.29  0.54  -162726  
0.17  0.31  0.52  -163453  
0.17  0.34  0.49  -164132  
0.17  0.36  0.47  -164310  
0.17  0.37  0.46  -164315  
0.17  0.39  0.44  -164160  
0.17  0.41  0.42  -163783  
0.17  0.43  0.4  -163184  
0.17  0.45  0.38  -162365  
0.17  0.47  0.36  -161324  
0.17  0.49  0.34  -160064  
0.17  0.51  0.32  -158587  
0.17  0.53  0.3  -156892  
0.17  0.55  0.28  -154983  
0.17  0.57  0.26  -152862  
0.17  0.59  0.24  -150530  
0.17  0.61  0.22  -147992  
0.17  0.63  0.2  -145248  
0.17  0.65  0.18  -142302  
0.16  0.67  0.17  -139267  
0.16  0.69  0.15  -136063  
0.16  0.71  0.13  -132671  
0.16  0.73  0.11  -129090  
0.16  0.75  0.09  -125321  
0.16  0.77  0.07  -121360  
0.16  0.79  0.05  -117198  
0.16  0.81  0.03  -112811  
0.16  0.83  0.01  -108122  
0.19  0.01  0.8  -132000  
0.19  0.03  0.78  -135979  
0.19  0.05  0.76  -139621  
0.19  0.07  0.74  -143000  
0.19  0.09  0.72  -146143  
0.19  0.11  0.7  -149060  
0.19  0.13  0.68  -151755  
0.19  0.15  0.66  -154229  
0.19  0.17  0.64  -156484  
0.19  0.19  0.62  -158517  
0.19  0.21  0.6  -160327  
0.19  0.23  0.58  -161912  
0.19  0.25  0.56  -163271  
0.19  0.27  0.54  -164401  
0.19  0.29  0.52  -165302  
0.19  0.31  0.5  -165972  
0.19  0.34  0.47  -166541  
0.19  0.36  0.45  -166628  
0.19  0.37  0.44  -166584  
0.19  0.39  0.42  -166320  
0.19  0.41  0.4  -165822  
0.19  0.43  0.38  -165091  
0.19  0.45  0.36  -164125  
0.19  0.47  0.34  -162927  
0.19  0.49  0.32  -161498  
0.19  0.51  0.3  -159839  
0.19  0.53  0.28  -157952  
0.19  0.55  0.26  -155838  
0.19  0.57  0.24  -153501  
0.19  0.59  0.22  -150941  
0.19  0.61  0.2  -148163  
0.18  0.63  0.19  -145271  
0.18  0.65  0.17  -142195  
0.18  0.67  0.15  -138913  
0.18  0.69  0.13  -135426  
0.18  0.71  0.11  -131737  
0.18  0.73  0.09  -127843  
0.18  0.75  0.07  -123742  
0.18  0.77  0.05  -119423  
0.18  0.79  0.03  -114863  
0.18  0.81  0.01  -109985  
0.21  0.01  0.78  -133832  
0.21  0.03  0.76  -137941  
0.21  0.05  0.74  -141696  
0.21  0.07  0.72  -145174  
0.21  0.09  0.7  -148400  
0.21  0.11  0.68  -151385  
0.21  0.13  0.66  -154133  
0.21  0.15  0.64  -156646  
0.21  0.17  0.62  -158925  
0.21  0.19  0.6  -160968  
0.21  0.21  0.58  -162774  
0.21  0.23  0.56  -164342  
0.21  0.25  0.54  -165669  
0.21  0.27  0.52  -166755  
0.21  0.29  0.5  -167597  
0.21  0.31  0.48  -168196  
0.21  0.34  0.45  -168633  
0.21  0.35  0.44  -168656  
0.21  0.37  0.42  -168517  
0.21  0.39  0.4  -168131  
0.21  0.41  0.38  -167498  
0.21  0.43  0.36  -166620  
0.21  0.45  0.34  -165495  
0.21  0.47  0.32  -164127  
0.21  0.49  0.3  -162515  
0.21  0.51  0.28  -160662  
0.21  0.53  0.26  -158569  
0.21  0.55  0.24  -156238  
0.21  0.57  0.22  -153672  
0.2  0.59  0.21  -150967  
0.2  0.61  0.19  -148064  
0.2  0.63  0.17  -144938  
0.2  0.65  0.15  -141591  
0.2  0.67  0.13  -138025  
0.2  0.69  0.11  -134240  
0.2  0.71  0.09  -130236  
0.2  0.73  0.07  -126009  
0.2  0.75  0.05  -121549  
0.2  0.77  0.03  -116831  
0.2  0.79  0.01  -111779  
0.23  0.01  0.76  -135591  
0.23  0.03  0.74  -139813  
0.23  0.05  0.72  -143666  
0.23  0.07  0.7  -147226  
0.23  0.09  0.68  -150520  
0.23  0.11  0.66  -153557  
0.23  0.13  0.64  -156343  
0.23  0.15  0.62  -158880  
0.23  0.17  0.6  -161168  
0.23  0.19  0.58  -163206  
0.23  0.21  0.56  -164994  
0.23  0.23  0.54  -166529  
0.23  0.25  0.52  -167810  
0.23  0.27  0.5  -168836  
0.23  0.29  0.48  -169607  
0.23  0.31  0.46  -170120  
0.23  0.34  0.43  -170405  
0.23  0.35  0.42  -170371  
0.23  0.37  0.4  -170108  
0.23  0.39  0.38  -169586  
0.23  0.41  0.36  -168806  
0.23  0.43  0.34  -167767  
0.23  0.45  0.32  -166471  
0.23  0.47  0.3  -164919  
0.23  0.49  0.28  -163112  
0.23  0.51  0.26  -161052  
0.23  0.53  0.24  -158740  
0.22  0.55  0.23  -156266  
0.22  0.57  0.21  -153580  
0.22  0.59  0.19  -150655  
0.22  0.61  0.17  -147492  
0.22  0.63  0.15  -144094  
0.22  0.65  0.13  -140462  
0.22  0.67  0.11  -136596  
0.22  0.69  0.09  -132496  
0.22  0.71  0.07  -128157  
0.22  0.73  0.05  -123570  
0.22  0.75  0.03  -118709  
0.22  0.77  0.01  -113499  
0.25  0.01  0.74  -137271  
0.25  0.03  0.72  -141590  
0.25  0.05  0.7  -145525  
0.25  0.07  0.68  -149152  
0.25  0.09  0.66  -152497  
0.25  0.11  0.64  -155571  
0.25  0.13  0.62  -158380  
0.25  0.15  0.6  -160926  
0.25  0.17  0.58  -163208  
0.25  0.19  0.56  -165226  
0.25  0.21  0.54  -166980  
0.25  0.23  0.52  -168468  
0.25  0.25  0.5  -169689  
0.25  0.27  0.48  -170642  
0.25  0.29  0.46  -171325  
0.25  0.31  0.44  -171739  
0.25  0.33  0.42  -171881  
0.25  0.35  0.4  -171753  
0.25  0.37  0.38  -171353  
0.25  0.39  0.36  -170682  
0.25  0.41  0.34  -169741  
0.25  0.43  0.32  -168529  
0.25  0.45  0.3  -167048  
0.25  0.47  0.28  -165300  
0.25  0.49  0.26  -163284  
0.24  0.51  0.25  -161083  
0.24  0.53  0.23  -158657  
0.24  0.55  0.21  -155976  
0.24  0.57  0.19  -153041  
0.24  0.59  0.17  -149855  
0.24  0.61  0.15  -146419  
0.24  0.63  0.13  -142734  
0.24  0.65  0.11  -138801  
0.24  0.67  0.09  -134619  
0.24  0.69  0.07  -130182  
0.24  0.71  0.05  -125482  
0.24  0.73  0.03  -120493  
0.24  0.75  0.01  -115138  
0.27  0.01  0.72  -138867  
0.27  0.03  0.7  -143266  
0.27  0.05  0.68  -147267  
0.27  0.07  0.66  -150944  
0.27  0.09  0.64  -154326  
0.27  0.11  0.62  -157422  
0.27  0.13  0.6  -160238  
0.27  0.15  0.58  -162776  
0.27  0.17  0.56  -165038  
0.27  0.19  0.54  -167021  
0.27  0.21  0.52  -168727  
0.27  0.23  0.5  -170153  
0.27  0.25  0.48  -171299  
0.27  0.27  0.46  -172164  
0.27  0.29  0.44  -172747  
0.27  0.31  0.42  -173048  
0.27  0.32  0.41  -173091  
0.27  0.35  0.38  -172798  
0.27  0.37  0.36  -172248  
0.27  0.39  0.34  -171414  
0.27  0.41  0.32  -170298  
0.27  0.43  0.3  -168901  
0.27  0.45  0.28  -167222  
0.26  0.47  0.27  -165334  
0.26  0.49  0.25  -163209  
0.26  0.51  0.23  -160814  
0.26  0.53  0.21  -158150  
0.26  0.55  0.19  -155219  
0.26  0.57  0.17  -152022  
0.26  0.59  0.15  -148561  
0.26  0.61  0.13  -144837  
0.26  0.63  0.11  -140850  
0.26  0.65  0.09  -136599  
0.26  0.67  0.07  -132080  
0.26  0.69  0.05  -127280  
0.26  0.71  0.03  -122177  
0.26  0.73  0.01  -116693  
0.29  0.01  0.7  -140370  
0.29  0.03  0.68  -144835  
0.29  0.05  0.66  -148885  
0.29  0.07  0.64  -152598  
0.29  0.09  0.62  -156000  
0.29  0.11  0.6  -159102  
0.29  0.13  0.58  -161910  
0.29  0.15  0.56  -164427  
0.29  0.17  0.54  -166652  
0.29  0.19  0.52  -168586  
0.29  0.21  0.5  -170229  
0.29  0.23  0.48  -171580  
0.29  0.25  0.46  -172637  
0.29  0.27  0.44  -173400  
0.29  0.29  0.42  -173868  
0.29  0.31  0.4  -174041  
0.29  0.32  0.39  -174017  
0.29  0.35  0.36  -173500  
0.29  0.37  0.34  -172786  
0.29  0.39  0.32  -171777  
0.29  0.41  0.3  -170474  
0.28  0.43  0.29  -168938  
0.28  0.45  0.27  -167155  
0.28  0.47  0.25  -165087  
0.28  0.49  0.23  -162735  
0.28  0.51  0.21  -160100  
0.28  0.53  0.19  -157185  
0.28  0.55  0.17  -153990  
0.28  0.57  0.15  -150517  
0.28  0.59  0.13  -146767  
0.28  0.61  0.11  -142740  
0.28  0.63  0.09  -138434  
0.28  0.65  0.07  -133844  
0.28  0.67  0.05  -128960  
0.28  0.69  0.03  -123757  
0.28  0.71  0.01  -118157  
0.31  0.01  0.68  -141776  
0.31  0.03  0.66  -146289  
0.31  0.05  0.64  -150374  
0.31  0.07  0.62  -154106  
0.31  0.09  0.6  -157513  
0.31  0.11  0.58  -160606  
0.31  0.13  0.56  -163391  
0.31  0.15  0.54  -165870  
0.31  0.17  0.52  -168045  
0.31  0.19  0.5  -169916  
0.31  0.21  0.48  -171481  
0.31  0.23  0.46  -172741  
0.31  0.25  0.44  -173695  
0.31  0.27  0.42  -174342  
0.31  0.29  0.4  -174682  
0.31  0.3  0.39  -174737  
0.31  0.32  0.37  -174615  
0.31  0.35  0.34  -173855  
0.31  0.37  0.32  -172964  
0.3  0.39  0.31  -171819  
0.3  0.41  0.29  -170416  
0.3  0.43  0.27  -168715  
0.3  0.45  0.25  -166714  
0.3  0.47  0.23  -164417  
0.3  0.49  0.21  -161824  
0.3  0.51  0.19  -158936  
0.3  0.53  0.17  -155756  
0.3  0.55  0.15  -152284  
0.3  0.57  0.13  -148520  
0.3  0.59  0.11  -144466  
0.3  0.61  0.09  -140118  
0.3  0.63  0.07  -135472  
0.3  0.65  0.05  -130517  
0.3  0.67  0.03  -125227  
0.3  0.69  0.01  -119527  
0.34  0.01  0.65  -143686  
0.34  0.03  0.63  -148243  
0.34  0.05  0.61  -152348  
0.34  0.07  0.59  -156081  
0.34  0.09  0.57  -159467  
0.34  0.11  0.55  -162517  
0.34  0.13  0.53  -165239  
0.34  0.15  0.51  -167635  
0.34  0.17  0.49  -169707  
0.34  0.19  0.47  -171454  
0.34  0.21  0.45  -172877  
0.34  0.23  0.43  -173974  
0.34  0.25  0.41  -174747  
0.34  0.27  0.39  -175194  
0.34  0.29  0.37  -175316  
0.34  0.3  0.36  -175254  
0.34  0.32  0.34  -174886  
0.32  0.35  0.33  -173900  
0.32  0.37  0.31  -172916  
0.32  0.39  0.29  -171618  
0.32  0.41  0.27  -170009  
0.32  0.43  0.25  -168088  
0.32  0.45  0.23  -165857  
0.32  0.47  0.21  -163318  
0.32  0.49  0.19  -160470  
0.32  0.51  0.17  -157317  
0.32  0.53  0.15  -153858  
0.32  0.55  0.13  -150094  
0.32  0.57  0.11  -146025  
0.32  0.59  0.09  -141648  
0.32  0.61  0.07  -136959  
0.32  0.63  0.05  -131946  
0.32  0.65  0.03  -126584  
0.32  0.67  0.01  -120796  
0.36  0.01  0.63  -144817  
0.36  0.03  0.61  -149383  
0.36  0.05  0.59  -153484  
0.36  0.07  0.57  -157197  
0.36  0.09  0.55  -160549  
0.36  0.11  0.53  -163553  
0.36  0.13  0.51  -166214  
0.36  0.15  0.49  -168536  
0.36  0.17  0.47  -170520  
0.36  0.19  0.45  -172167  
0.36  0.21  0.43  -173477  
0.36  0.23  0.41  -174449  
0.36  0.25  0.39  -175084  
0.36  0.27  0.37  -175380  
0.36  0.28  0.36  -175402  
0.35  0.3  0.35  -175264  
0.35  0.32  0.33  -174808  
0.36  0.34  0.3  -173757  
0.34  0.37  0.29  -172543  
0.35  0.39  0.26  -170601  
0.35  0.41  0.24  -168656  
0.35  0.43  0.22  -166383  
0.35  0.45  0.2  -163781  
0.35  0.47  0.18  -160854  
0.35  0.49  0.16  -157600  
0.35  0.51  0.14  -154021  
0.35  0.53  0.12  -150117  
0.35  0.55  0.1  -145885  
0.35  0.57  0.08  -141324  
0.34  0.59  0.07  -138301  
0.34  0.61  0.05  -133244  
0.34  0.63  0.03  -127823  
0.34  0.65  0.01  -121962  
0.38  0.01  0.61  -145826  
0.38  0.03  0.59  -150386  
0.38  0.05  0.57  -154466  
0.38  0.07  0.55  -158144  
0.38  0.09  0.53  -161448  
0.38  0.11  0.51  -164390  
0.38  0.13  0.49  -166976  
0.38  0.15  0.47  -169209  
0.38  0.17  0.45  -171092  
0.38  0.19  0.43  -172624  
0.38  0.21  0.41  -173807  
0.38  0.23  0.39  -174639  
0.37  0.25  0.38  -175140  
0.37  0.27  0.36  -175357  
0.37  0.28  0.35  -175336  
0.37  0.3  0.33  -175036  
0.37  0.32  0.31  -174393  
0.37  0.34  0.29  -173405  
0.37  0.37  0.26  -171282  
0.37  0.39  0.24  -169438  
0.37  0.41  0.22  -167253  
0.37  0.43  0.2  -164728  
0.37  0.45  0.18  -161863  
0.37  0.47  0.16  -158660  
0.37  0.49  0.14  -155118  
0.37  0.51  0.12  -151237  
0.37  0.53  0.1  -147015  
0.37  0.55  0.08  -142450  
0.37  0.57  0.06  -137532  
0.37  0.59  0.04  -132245  
0.37  0.61  0.02  -126547  
0.37  0.63  1e-15  -120214  
0.4  0.01  0.59  -146708  
0.4  0.03  0.57  -151245  
0.4  0.05  0.55  -155289  
0.4  0.07  0.53  -158917  
0.4  0.09  0.51  -162158  
0.4  0.11  0.49  -165023  
0.4  0.13  0.47  -167519  
0.4  0.15  0.45  -169649  
0.4  0.17  0.43  -171416  
0.4  0.19  0.41  -172819  
0.39  0.21  0.4  -173868  
0.39  0.23  0.38  -174626  
0.39  0.25  0.36  -175028  
0.39  0.26  0.35  -175095  
0.39  0.28  0.33  -174962  
0.39  0.3  0.31  -174474  
0.39  0.32  0.29  -173630  
0.39  0.35  0.26  -171698  
0.39  0.37  0.24  -169967  
0.39  0.39  0.22  -167882  
0.39  0.41  0.2  -165444  
0.39  0.43  0.18  -162654  
0.39  0.45  0.16  -159512  
0.39  0.47  0.14  -156019  
0.39  0.49  0.12  -152173  
0.39  0.51  0.1  -147974  
0.39  0.53  0.08  -143417  
0.39  0.55  0.06  -138494  
0.39  0.57  0.04  -133188  
0.39  0.59  0.02  -127457  
0.39  0.61  1e-15  -121077  
0.42  0.01  0.57  -147454  
0.42  0.03  0.55  -151954  
0.42  0.05  0.53  -155946  
0.42  0.07  0.51  -159510  
0.42  0.09  0.49  -162672  
0.42  0.11  0.47  -165446  
0.42  0.13  0.45  -167837  
0.42  0.15  0.43  -169850  
0.42  0.17  0.41  -171486  
0.41  0.19  0.4  -172817  
0.41  0.21  0.38  -173783  
0.41  0.23  0.36  -174380  
0.41  0.25  0.34  -174609  
0.41  0.26  0.33  -174586  
0.41  0.28  0.31  -174263  
0.41  0.3  0.29  -173573  
0.41  0.32  0.27  -172515  
0.41  0.35  0.24  -170240  
0.41  0.37  0.22  -168267  
0.41  0.39  0.2  -165927  
0.41  0.41  0.18  -163223  
0.41  0.43  0.16  -160155  
0.41  0.45  0.14  -156722  
0.41  0.47  0.12  -152924  
0.41  0.49  0.1  -148758  
0.41  0.51  0.08  -144222  
0.41  0.53  0.06  -139307  
0.41  0.55  0.04  -133995  
0.41  0.57  0.02  -128243  
0.41  0.59  1e-15  -121828  
0.44  0.01  0.55  -148059  
0.44  0.03  0.53  -152506  
0.44  0.05  0.51  -156432  
0.44  0.07  0.49  -159916  
0.44  0.09  0.47  -162985  
0.44  0.11  0.45  -165652  
0.44  0.13  0.43  -167925  
0.43  0.15  0.42  -169859  
0.43  0.17  0.4  -171425  
0.43  0.19  0.38  -172609  
0.43  0.21  0.36  -173413  
0.43  0.23  0.34  -173837  
0.43  0.24  0.33  -173906  
0.43  0.26  0.31  -173760  
0.43  0.28  0.29  -173233  
0.43  0.3  0.27  -172328  
0.43  0.32  0.25  -171043  
0.43  0.35  0.22  -168407  
0.43  0.37  0.2  -166177  
0.43  0.39  0.18  -163570  
0.43  0.41  0.16  -160586  
0.43  0.43  0.14  -157225  
0.43  0.45  0.12  -153486  
0.43  0.47  0.1  -149367  
0.43  0.49  0.08  -144864  
0.43  0.51  0.06  -139968  
0.43  0.53  0.04  -134662  
0.43  0.55  0.02  -128903  
0.43  0.57  1e-15  -122467  
0.46  0.01  0.53  -148517  
0.46  0.03  0.51  -152896  
0.46  0.05  0.49  -156741  
0.46  0.07  0.47  -160130  
0.46  0.09  0.45  -163091  
0.45  0.11  0.44  -165673  
0.45  0.13  0.42  -167881  
0.45  0.15  0.4  -169691  
0.45  0.17  0.38  -171106  
0.45  0.19  0.36  -172127  
0.45  0.21  0.34  -172756  
0.45  0.23  0.32  -172992  
0.45  0.24  0.31  -172963  
0.45  0.26  0.29  -172612  
0.45  0.28  0.27  -171869  
0.45  0.3  0.25  -170735  
0.45  0.32  0.23  -169211  
0.45  0.35  0.2  -166193  
0.45  0.37  0.18  -163694  
0.45  0.39  0.16  -160806  
0.45  0.41  0.14  -157528  
0.45  0.43  0.12  -153860  
0.45  0.45  0.1  -149798  
0.45  0.47  0.08  -145340  
0.45  0.49  0.06  -140476  
0.45  0.51  0.04  -135188  
0.45  0.53  0.02  -129434  
0.45  0.55  1e-15  -122989  
0.48  0.01  0.51  -148821  
0.48  0.03  0.49  -153117  
0.48  0.05  0.47  -156866  
0.47  0.07  0.46  -160163  
0.47  0.09  0.44  -163065  
0.47  0.11  0.42  -165546  
0.47  0.13  0.4  -167613  
0.47  0.15  0.38  -169271  
0.47  0.17  0.36  -170521  
0.47  0.19  0.34  -171366  
0.47  0.21  0.32  -171805  
0.47  0.22  0.31  -171874  
0.47  0.24  0.29  -171707  
0.47  0.26  0.27  -171138  
0.47  0.28  0.25  -170165  
0.47  0.3  0.23  -168790  
0.47  0.32  0.21  -167013  
0.47  0.35  0.18  -163594  
0.47  0.37  0.16  -160813  
0.47  0.39  0.14  -157629  
0.47  0.41  0.12  -154043  
0.47  0.43  0.1  -150051  
0.47  0.45  0.08  -145649  
0.47  0.47  0.06  -140828  
0.47  0.49  0.04  -135571  
0.47  0.51  0.02  -129834  
0.47  0.53  1e-15  -123393  
0.5  0.01  0.49  -148966  
0.5  0.03  0.47  -153165  
0.49  0.05  0.46  -156858  
0.49  0.07  0.44  -160078  
0.49  0.09  0.42  -162851  
0.49  0.11  0.4  -165190  
0.49  0.13  0.38  -167103  
0.49  0.15  0.36  -168594  
0.49  0.17  0.34  -169666  
0.49  0.19  0.32  -170320  
0.49  0.21  0.3  -170558  
0.49  0.22  0.29  -170521  
0.49  0.24  0.27  -170135  
0.49  0.26  0.25  -169334  
0.49  0.28  0.23  -168119  
0.49  0.3  0.21  -166490  
0.49  0.32  0.19  -164446  
0.49  0.35  0.16  -160606  
0.49  0.37  0.14  -157528  
0.49  0.39  0.12  -154035  
0.49  0.41  0.1  -150124  
0.49  0.43  0.08  -145790  
0.49  0.45  0.06  -141024  
0.49  0.47  0.04  -135810  
0.49  0.49  0.02  -130102  
0.49  0.51  1e-15  -123677  
0.51  0.01  0.48  -148977  
0.51  0.03  0.46  -153121  
0.51  0.05  0.44  -156698  
0.51  0.07  0.42  -159787  
0.51  0.09  0.4  -162417  
0.51  0.11  0.38  -164600  
0.51  0.13  0.36  -166345  
0.51  0.15  0.34  -167656  
0.51  0.17  0.32  -168536  
0.51  0.19  0.3  -168987  
0.51  0.2  0.29  -169052  
0.51  0.22  0.27  -168860  
0.51  0.24  0.25  -168242  
0.51  0.26  0.23  -167197  
0.51  0.28  0.21  -165726  
0.51  0.3  0.19  -163829  
0.51  0.32  0.17  -161507  
0.51  0.35  0.14  -157224  
0.51  0.37  0.12  -153835  
0.51  0.39  0.1  -150016  
0.51  0.41  0.08  -145761  
0.51  0.43  0.06  -141063  
0.51  0.45  0.04  -135902  
0.51  0.47  0.02  -130236  
0.51  0.49  1e-15  -123840  
0.53  0.01  0.46  -148874  
0.53  0.03  0.44  -152898  
0.53  0.05  0.42  -156342  
0.53  0.07  0.4  -159286  
0.53  0.09  0.38  -161758  
0.53  0.11  0.36  -163772  
0.53  0.13  0.34  -165336  
0.53  0.15  0.32  -166454  
0.53  0.17  0.3  -167128  
0.53  0.19  0.28  -167362  
0.53  0.2  0.27  -167314  
0.53  0.22  0.25  -166888  
0.53  0.24  0.23  -166024  
0.53  0.26  0.21  -164722  
0.53  0.28  0.19  -162983  
0.53  0.3  0.17  -160805  
0.53  0.32  0.15  -158190  
0.53  0.35  0.12  -153444  
0.53  0.37  0.1  -149728  
0.53  0.39  0.08  -145564  
0.53  0.41  0.06  -140944  
0.53  0.43  0.04  -135849  
0.53  0.45  0.02  -130235  
0.53  0.47  1e-15  -123880  
0.55  0.01  0.44  -148598  
0.55  0.03  0.42  -152488  
0.55  0.05  0.4  -155785  
0.55  0.07  0.38  -158570  
0.55  0.09  0.36  -160871  
0.55  0.11  0.34  -162702  
0.55  0.13  0.32  -164071  
0.55  0.15  0.3  -164982  
0.55  0.17  0.28  -165438  
0.55  0.18  0.27  -165497  
0.55  0.2  0.25  -165275  
0.55  0.22  0.23  -164602  
0.55  0.24  0.21  -163480  
0.55  0.26  0.19  -161907  
0.55  0.28  0.17  -159886  
0.55  0.3  0.15  -157414  
0.55  0.32  0.13  -154492  
0.55  0.35  0.1  -149259  
0.55  0.37  0.08  -145197  
0.55  0.39  0.06  -140666  
0.55  0.41  0.04  -135648  
0.55  0.43  0.02  -130100  
0.55  0.45  1e-15  -123796  
0.57  0.01  0.42  -148145  
0.57  0.03  0.4  -151886  
0.57  0.05  0.38  -155023  
0.57  0.07  0.36  -157636  
0.57  0.09  0.34  -159752  
0.57  0.11  0.32  -161386  
0.57  0.13  0.3  -162547  
0.57  0.15  0.28  -163238  
0.57  0.17  0.26  -163463  
0.57  0.18  0.25  -163401  
0.57  0.2  0.23  -162931  
0.57  0.22  0.21  -161998  
0.57  0.24  0.19  -160604  
0.57  0.26  0.17  -158749  
0.57  0.28  0.15  -156432  
0.57  0.3  0.13  -153652  
0.57  0.32  0.11  -150408  
0.57  0.35  0.08  -144661  
0.57  0.37  0.06  -140231  
0.57  0.39  0.04  -135301  
0.57  0.41  0.02  -129829  
0.57  0.43  1e-15  -123589  
0.59  0.01  0.4  -147510  
0.59  0.03  0.38  -151090  
0.59  0.05  0.36  -154053  
0.59  0.07  0.34  -156479  
0.59  0.09  0.32  -158397  
0.59  0.11  0.3  -159821  
0.59  0.13  0.28  -160760  
0.59  0.15  0.26  -161219  
0.59  0.16  0.25  -161269  
0.59  0.18  0.23  -161011  
0.59  0.2  0.21  -160280  
0.59  0.22  0.19  -159074  
0.59  0.24  0.17  -157395  
0.59  0.26  0.15  -155243  
0.59  0.28  0.13  -152617  
0.59  0.3  0.11  -149513  
0.59  0.32  0.09  -145930  
0.59  0.34  0.07  -141860  
0.59  0.37  0.04  -134808  
0.59  0.39  0.02  -129423  
0.59  0.41  1e-15  -123258  
0.61  0.01  0.38  -146691  
0.61  0.03  0.36  -150094  
0.61  0.05  0.34  -152869  
0.61  0.07  0.32  -155096  
0.61  0.09  0.3  -156802  
0.61  0.11  0.28  -158004  
0.61  0.13  0.26  -158709  
0.61  0.15  0.24  -158921  
0.61  0.16  0.23  -158844  
0.61  0.18  0.21  -158324  
0.61  0.2  0.19  -157318  
0.61  0.22  0.17  -155827  
0.61  0.24  0.15  -153850  
0.61  0.26  0.13  -151387  
0.61  0.28  0.11  -148436  
0.61  0.3  0.09  -144992  
0.61  0.32  0.07  -141050  
0.61  0.34  0.05  -136596  
0.61  0.37  0.02  -128883  
0.61  0.39  1e-15  -122804  
0.63  0.01  0.36  -145683  
0.63  0.03  0.34  -148897  
0.63  0.05  0.32  -151470  
0.63  0.07  0.3  -153484  
0.63  0.09  0.28  -154966  
0.63  0.11  0.26  -155932  
0.63  0.13  0.24  -156390  
0.63  0.14  0.23  -156429  
0.63  0.16  0.21  -156133  
0.63  0.18  0.19  -155338  
0.63  0.2  0.17  -154044  
0.63  0.22  0.15  -152254  
0.63  0.24  0.13  -149965  
0.63  0.26  0.11  -147176  
0.63  0.28  0.09  -143883  
0.63  0.3  0.07  -140080  
0.63  0.32  0.05  -135753  
0.63  0.34  0.03  -130874  
0.63  0.37  1e-15  -122228  
0.65  0.01  0.34  -144483  
0.65  0.03  0.32  -147494  
0.65  0.05  0.3  -149853  
0.65  0.07  0.28  -151641  
0.65  0.09  0.26  -152886  
0.65  0.11  0.24  -153603  
0.65  0.13  0.22  -153801  
0.65  0.14  0.21  -153707  
0.65  0.16  0.19  -153133  
0.65  0.18  0.17  -152049  
0.65  0.2  0.15  -150456  
0.65  0.22  0.13  -148352  
0.65  0.24  0.11  -145736  
0.65  0.26  0.09  -142605  
0.65  0.28  0.07  -138951  
0.65  0.3  0.05  -134762  
0.65  0.32  0.03  -130010  
0.65  0.34  0.01  -124614  
0.67  0.01  0.32  -143089  
0.67  0.03  0.3  -145884  
0.67  0.05  0.28  -148016  
0.67  0.07  0.26  -149565  
0.67  0.09  0.24  -150560  
0.67  0.11  0.22  -151016  
0.67  0.12  0.21  -151044  
0.67  0.14  0.19  -150706  
0.67  0.16  0.17  -149843  
0.67  0.18  0.15  -148457  
0.67  0.2  0.13  -146549  
0.67  0.22  0.11  -144117  
0.67  0.24  0.09  -141158  
0.67  0.26  0.07  -137664  
0.67  0.28  0.05  -133624  
0.67  0.3  0.03  -129009  
0.67  0.32  0.01  -123739  
0.69  0.01  0.3  -141498  
0.69  0.03  0.28  -144064  
0.69  0.05  0.26  -145956  
0.69  0.07  0.24  -147253  
0.69  0.09  0.22  -147986  
0.69  0.11  0.2  -148168  
0.69  0.12  0.19  -148056  
0.69  0.14  0.17  -147426  
0.69  0.16  0.15  -146260  
0.69  0.18  0.13  -144559  
0.69  0.2  0.11  -142321  
0.69  0.22  0.09  -139545  
0.69  0.24  0.07  -136223  
0.69  0.26  0.05  -132342  
0.69  0.28  0.03  -127874  
0.69  0.3  0.01  -122741  
0.71  0.01  0.28  -139709  
0.71  0.03  0.26  -142034  
0.71  0.05  0.24  -143673  
0.71  0.07  0.22  -144706  
0.71  0.09  0.2  -145164  
0.71  0.1  0.19  -145181  
0.71  0.12  0.17  -144799  
0.71  0.14  0.15  -143865  
0.71  0.16  0.13  -142383  
0.71  0.18  0.11  -140351  
0.71  0.2  0.09  -137768  
0.71  0.22  0.07  -134628  
0.71  0.24  0.05  -130917  
0.71  0.26  0.03  -126608  
0.71  0.28  0.01  -121622  
0.73  0.01  0.26  -137720  
0.73  0.03  0.24  -139791  
0.73  0.05  0.22  -141165  
0.73  0.07  0.2  -141922  
0.73  0.09  0.18  -142091  
0.73  0.1  0.17  -141961  
0.73  0.12  0.15  -141273  
0.73  0.14  0.13  -140022  
0.73  0.16  0.11  -138208  
0.73  0.18  0.09  -135830  
0.73  0.2  0.07  -132882  
0.73  0.22  0.05  -129352  
0.73  0.24  0.03  -125213  
0.73  0.26  0.01  -120384  
0.75  0.01  0.24  -135532  
0.75  0.03  0.22  -137336  
0.75  0.05  0.2  -138432  
0.75  0.07  0.18  -138900  
0.75  0.08  0.17  -138908  
0.75  0.1  0.15  -138483  
0.75  0.12  0.13  -137477  
0.75  0.14  0.11  -135893  
0.75  0.16  0.09  -133732  
0.75  0.18  0.07  -130988  
0.75  0.2  0.05  -127650  
0.75  0.22  0.03  -123691  
0.75  0.24  0.01  -119031  
0.77  0.01  0.22  -133142  
0.77  0.03  0.2  -134667  
0.77  0.05  0.18  -135473  
0.77  0.07  0.16  -135640  
0.77  0.08  0.15  -135493  
0.77  0.1  0.13  -134748  
0.77  0.12  0.11  -133409  
0.77  0.14  0.09  -131477  
0.77  0.16  0.07  -128949  
0.77  0.18  0.05  -125814  
0.77  0.2  0.03  -122046  
0.77  0.22  0.01  -117565  
0.79  0.01  0.2  -130552  
0.79  0.03  0.18  -131786  
0.79  0.05  0.16  -132289  
0.79  0.06  0.15  -132294  
0.79  0.08  0.13  -131832  
0.79  0.1  0.11  -130753  
0.79  0.12  0.09  -129065  
0.79  0.14  0.07  -126765  
0.79  0.16  0.05  -123845  
0.79  0.18  0.03  -120280  
0.79  0.2  0.01  -115990  
0.81  0.01  0.18  -127762  
0.81  0.03  0.16  -128692  
0.81  0.05  0.14  -128879  
0.81  0.06  0.13  -128722  
0.81  0.08  0.11  -127925  
0.81  0.1  0.09  -126496  
0.81  0.12  0.07  -124439  
0.81  0.14  0.05  -121747  
0.81  0.16  0.03  -118396  
0.81  0.18  0.01  -114308  
0.83  0.01  0.16  -124772  
0.83  0.03  0.14  -125386  
0.83  0.04  0.13  -125402  
0.83  0.06  0.11  -124917  
0.83  0.08  0.09  -123769  
0.83  0.1  0.07  -121971  
0.83  0.12  0.05  -119521  
0.83  0.14  0.03  -116397  
0.83  0.16  0.01  -112523  
0.85  0.01  0.14  -121583  
0.85  0.03  0.12  -121867  
0.85  0.04  0.11  -121713  
0.85  0.06  0.09  -120876  
0.85  0.08  0.07  -119358  
0.85  0.1  0.05  -117167  
0.85  0.12  0.03  -114284  
0.85  0.14  0.01  -110637  
0.87  0.01  0.12  -118196  
0.87  0.02  0.11  -118273  
0.87  0.04  0.09  -117803  
0.87  0.06  0.07  -116596  
0.87  0.08  0.05  -114684  
0.87  0.1  0.03  -112059  
0.87  0.12  0.01  -108653  
0.89  0.01  0.1  -114609  
0.89  0.02  0.09  -114508  
0.89  0.04  0.07  -113667  
0.89  0.06  0.05  -112065  
0.89  0.08  0.03  -109719  
0.89  0.1  0.01  -106571  
0.91  0.01  0.08  -110822  
0.91  0.02  0.07  -110533  
0.91  0.04  0.05  -109296  
0.91  0.06  0.03  -107260  
0.91  0.08  0.01  -104390  
0.93  1e-15  0.07  -106971  
0.93  0.02  0.05  -106337  
0.93  0.04  0.03  -104666  
0.93  0.06  0.01  -102106  
0.95  1e-15  0.05  -102966  
0.95  0.02  0.03  -101897  
0.95  0.04  0.01  -99702  
0.97  1e-15  0.03  -98733.8  
0.97  0.02  0.01  -97140  
0.99  1e-15  0.01  -94199.7  
CO7Y2
39
0.010101  0.767677  0.222222  -1.0446e+06  
0.030303  0.747475  0.222222  -1.07978e+06  
0.0505051  0.727273  0.222222  -1.11189e+06  
0.0707071  0.707071  0.222222  -1.14169e+06  
0.0909091  0.686869  0.222222  -1.16947e+06  
0.111111  0.666667  0.222222  -1.1954e+06  
0.131313  0.646465  0.222222  -1.21957e+06  
0.151515  0.626263  0.222222  -1.24204e+06  
0.171717  0.606061  0.222222  -1.26287e+06  
0.191919  0.585859  0.222222  -1.28209e+06  
0.212121  0.565657  0.222222  -1.29972e+06  
0.232323  0.545455  0.222222  -1.3158e+06  
0.252525  0.525253  0.222222  -1.33032e+06  
0.272727  0.505051  0.222222  -1.34332e+06  
0.292929  0.484848  0.222222  -1.35479e+06  
0.313131  0.464646  0.222222  -1.36476e+06  
0.333333  0.444444  0.222222  -1.37321e+06  
0.353535  0.424242  0.222222  -1.38017e+06  
0.373737  0.40404  0.222222  -1.38563e+06  
0.393939  0.383838  0.222222  -1.38959e+06  
0.414141  0.363636  0.222222  -1.39205e+06  
0.434343  0.343434  0.222222  -1.39302e+06  
0.444444  0.333333  0.222222  -1.39294e+06  
0.464646  0.313131  0.222222  -1.39165e+06  
0.484848  0.292929  0.222222  -1.38886e+06  
0.505051  0.272727  0.222222  -1.38456e+06  
0.525253  0.252525  0.222222  -1.37874e+06  
0.545455  0.232323  0.222222  -1.37138e+06  
0.565657  0.212121  0.222222  -1.36248e+06  
0.585859  0.191919  0.222222  -1.35202e+06  
0.606061  0.171717  0.222222  -1.33998e+06  
0.626263  0.151515  0.222222  -1.32632e+06  
0.646465  0.131313  0.222222  -1.31102e+06  
0.666667  0.111111  0.222222  -1.29402e+06  
0.686869  0.0909091  0.222222  -1.27527e+06  
0.707071  0.0707071  0.222222  -1.25465e+06  
0.727273  0.0505051  0.222222  -1.23203e+06  
0.747475  0.030303  0.222222  -1.20709e+06  
0.767677  0.010101  0.222222  -1.17908e+06  
CO3Y
60
0.01  0.74  0.25  -473523  
7.5e-16  0.75  0.25  -464411  
0.03  0.72  0.25  -489527  
0.02  0.73  0.25  -481742  
0.05  0.7  0.25  -504136  
0.04  0.71  0.25  -496977  
0.07  0.68  0.25  -517686  
0.06  0.69  0.25  -511034  
0.09  0.66  0.25  -530305  
0.08  0.67  0.25  -524107  
0.11  0.64  0.25  -542061  
0.1  0.65  0.25  -536288  
0.13  0.62  0.25  -552998  
0.12  0.63  0.25  -547630  
0.15  0.6  0.25  -563145  
0.14  0.61  0.25  -558169  
0.17  0.58  0.25  -572523  
0.16  0.59  0.25  -567929  
0.19  0.56  0.25  -581148  
0.18  0.57  0.25  -576929  
0.21  0.54  0.25  -589030  
0.2  0.55  0.25  -585181  
0.23  0.52  0.25  -596181  
0.25  0.5  0.25  -602606  
0.27  0.48  0.25  -608312  
0.29  0.46  0.25  -613304  
0.31  0.44  0.25  -617584  
0.33  0.42  0.25  -621156  
0.35  0.4  0.25  -624022  
0.37  0.38  0.25  -626181  
0.39  0.36  0.25  -627636  
0.41  0.34  0.25  -628386  
0.42  0.33  0.25  -628496  
0.44  0.31  0.25  -628187  
0.46  0.29  0.25  -627168  
0.48  0.27  0.25  -625439  
0.5  0.25  0.25  -622995  
0.54  0.21  0.25  -615944  
0.52  0.23  0.25  -619832  
0.56  0.19  0.25  -611324  
0.55  0.2  0.25  -613726  
0.58  0.17  0.25  -605962  
0.57  0.18  0.25  -608736  
0.6  0.15  0.25  -599846  
0.59  0.16  0.25  -602999  
0.62  0.13  0.25  -592961  
0.61  0.14  0.25  -596501  
0.64  0.11  0.25  -585286  
0.63  0.12  0.25  -589224  
0.66  0.09  0.25  -576792  
0.65  0.1  0.25  -581144  
0.68  0.07  0.25  -567436  
0.67  0.08  0.25  -572225  
0.7  0.05  0.25  -557148  
0.69  0.06  0.25  -562414  
0.72  0.03  0.25  -545801  
0.71  0.04  0.25  -551620  
0.74  0.01  0.25  -533059  
0.73  0.02  0.25  -539647  
0.75  7.5e-16  0.25  -525578  
AL9CO2
10
0.818182  0.010101  0.171717  -1.21469e+06  
0.818182  0.030303  0.151515  -1.25622e+06  
0.818182  0.0505051  0.131313  -1.2851e+06  
0.818182  0.0707071  0.111111  -1.30219e+06  
0.818182  0.0909091  0.0909091  -1.30776e+06  
0.818182  0.10101  0.0808081  -1.30626e+06  
0.818182  0.121212  0.0606061  -1.29465e+06  
0.818182  0.141414  0.040404  -1.27143e+06  
0.818182  0.161616  0.020202  -1.23612e+06  
0.818182  0.181818  1.81818e-16  -1.18623e+06  
