T = 550 K, P = 10500 Pa, N = 1
2
3
LIQUID
50
0.01  1371.65  
0.03  1244.58  
0.05  1177.82  
0.07  1142.53  
0.09  1127.67  
0.1  1125.95  
0.12  1131.42  
0.14  1146.37  
0.16  1168.72  
0.18  1196.92  
0.2  1229.78  
0.22  1266.41  
0.24  1306.07  
0.26  1348.19  
0.28  1392.29  
0.3  1437.99  
0.32  1484.99  
0.34  1533.03  
0.36  1581.9  
0.38  1631.45  
0.4  1681.55  
0.42  1732.12  
0.44  1783.09  
0.46  1834.44  
0.48  1886.15  
0.5  1938.24  
0.52  1990.76  
0.55  2070.47  
0.57  2124.38  
0.59  2179.05  
0.61  2234.62  
0.63  2291.28  
0.65  2349.24  
0.67  2408.75  
0.69  2470.08  
0.71  2533.58  
0.73  2599.63  
0.75  2668.68  
0.77  2741.26  
0.79  2818  
0.81  2899.65  
0.83  2987.12  
0.85  3081.57  
0.87  3184.43  
0.89  3297.6  
0.91  3423.68  
0.93  3566.46  
0.95  3731.95  
0.97  3931.28  
0.99  4193.41  
HCP_A3
50
0.01  -66.4459  
0.02  -71.959  
0.04  -26.9573  
0.06  56.1099  
0.08  160.505  
0.1  278.302  
0.12  404.851  
0.14  537.098  
0.16  672.886  
0.18  810.619  
0.2  949.069  
0.22  1087.27  
0.24  1224.45  
0.26  1359.97  
0.28  1493.31  
0.3  1624.03  
0.32  1751.77  
0.34  1876.23  
0.36  1997.14  
0.38  2114.3  
0.4  2227.53  
0.42  2336.69  
0.44  2441.66  
0.46  2542.37  
0.48  2638.74  
0.5  2730.75  
0.52  2818.38  
0.55  2941.65  
0.57  3018.45  
0.59  3091.01  
0.61  3159.44  
0.63  3223.86  
0.65  3284.44  
0.67  3341.37  
0.69  3394.87  
0.71  3445.24  
0.73  3492.8  
0.75  3537.95  
0.77  3581.17  
0.79  3623.03  
0.81  3664.24  
0.83  3705.65  
0.85  3748.36  
0.87  3793.75  
0.89  3843.68  
0.91  3900.69  
0.93  3968.51  
0.95  4053.09  
0.97  4165.54  
0.99  4334.73  
FCC_A1
50
0.01  1851.74  
0.03  1500.82  
0.05  1226.13  
0.07  997.909  
0.09  804.224  
0.11  638.286  
0.13  495.561  
0.15  372.713  
0.17  267.134  
0.19  176.684  
0.21  99.5544  
0.23  34.1798  
0.25  -20.822  
0.27  -66.6867  
0.29  -104.53  
0.31  -135.37  
0.33  -160.136  
0.35  -179.684  
0.37  -194.805  
0.39  -206.226  
0.41  -214.621  
0.43  -220.611  
0.45  -224.766  
0.47  -227.612  
0.49  -229.626  
0.51  -231.242  
0.54  -233.76  
0.56  -235.986  
0.58  -238.981  
0.6  -242.974  
0.62  -248.149  
0.64  -254.637  
0.66  -262.516  
0.68  -271.805  
0.7  -282.46  
0.72  -294.369  
0.74  -307.336  
0.76  -321.075  
0.78  -335.192  
0.8  -349.16  
0.82  -362.288  
0.84  -373.676  
0.86  -382.143  
0.88  -386.115  
0.89  -385.773  
0.91  -378.699  
0.93  -359.831  
0.95  -323.158  
0.97  -257.523  
0.99  -133.941  
