T = 800 K, P = 10500 Pa, N = 1
2
1
B82_SNTI2
25
0.0123457  -79251.8  
0.0365854  -96512.7  
0.0595238  -112529  
0.0795455  -125140  
0.0989011  -136269  
0.119565  -147308  
0.139785  -157474  
0.159574  -166924  
0.178947  -175754  
0.197917  -184024  
0.21875  -192695  
0.239583  -200937  
0.257732  -207760  
0.278351  -215083  
0.298969  -221893  
0.319588  -227999  
0.336735  -230939  
0.358696  -219604  
0.37931  -208970  
0.39759  -199972  
0.417722  -190579  
0.423077  -188167  
0.445946  -178246  
0.464789  -170457  
0.485294  -162214  
