P = 101325, N = 1, X(AL) = 0.5, X(ZN) = 0.5
4
160
0  Temperature
1  FCC_A1
2  HCP_A3
3  FCC_A1#2
4  LIQUID
300  0.504578  0.495422  0  0
305  0.504938  0.495062  0  0
310  0.505314  0.494686  0  0
315  0.505707  0.494293  0  0
320  0.506118  0.493882  0  0
325  0.506547  0.493453  0  0
330  0.506994  0.493006  0  0
335  0.50746  0.49254  0  0
340  0.507945  0.492055  0  0
345  0.508449  0.491551  0  0
350  0.508974  0.491026  0  0
355  0.509519  0.490481  0  0
360  0.510086  0.489914  0  0
365  0.510675  0.489325  0  0
370  0.511287  0.488713  0  0
375  0.511922  0.488078  0  0
380  0.512582  0.487418  0  0
385  0.513267  0.486733  0  0
390  0.51398  0.48602  0  0
395  0.51472  0.48528  0  0
400  0.515489  0.484511  0  0
405  0.516289  0.483711  0  0
410  0.517121  0.482879  0  0
415  0.517988  0.482012  0  0
420  0.51889  0.48111  0  0
425  0.51983  0.48017  0  0
430  0.520811  0.479189  0  0
435  0.521836  0.478164  0  0
440  0.522906  0.477094  0  0
445  0.524026  0.475974  0  0
450  0.525199  0.474801  0  0
455  0.526429  0.473571  0  0
460  0.527722  0.472278  0  0
465  0.529081  0.470919  0  0
470  0.530514  0.469486  0  0
475  0.532027  0.467973  0  0
480  0.533628  0.466372  0  0
485  0.535326  0.464674  0  0
490  0.537131  0.462869  0  0
495  0.539056  0.460944  0  0
500  0.541115  0.458885  0  0
505  0.543326  0.456674  0  0
510  0.54571  0.45429  0  0
515  0.548292  0.451708  0  0
520  0.551104  0.448896  0  0
525  0.554188  0.445812  0  0
530  0.557594  0.442406  0  0
535  0.561393  0.438607  0  0
540  0.56568  0.43432  0  0
545  0.570593  0.429407  0  0
550  0.576341  0.423659  0  0
555  0.805465  0  0.194535  0
560  0.819536  0  0.180464  0
565  0.835393  0  0.164607  0
570  0.853447  0  0.146553  0
575  0.874255  0  0.125745  0
580  0.898597  0  0.101403  0
585  0.927605  0  0.0723949  0
590  0.962998  0  0.0370022  0
595  1  0  0  0
600  1  0  0  0
605  1  0  0  0
610  1  0  0  0
615  1  0  0  0
620  1  0  0  0
625  1  0  0  0
630  1  0  0  0
635  1  0  0  0
640  1  0  0  0
645  1  0  0  0
650  1  0  0  0
655  1  0  0  0
660  1  0  0  0
665  1  0  0  0
670  1  0  0  0
675  1  0  0  0
680  1  0  0  0
685  1  0  0  0
690  1  0  0  0
695  1  0  0  0
700  1  0  0  0
705  0.918642  0  0  0.0813579
710  0.840869  0  0  0.159131
715  0.765909  0  0  0.234091
720  0.694625  0  0  0.305375
725  0.627688  0  0  0.372312
730  0.565276  0  0  0.434724
735  0.506897  0  0  0.493103
740  0.451495  0  0  0.548505
745  0.397732  0  0  0.602268
750  0.344251  0  0  0.655749
755  0.289816  0  0  0.710184
760  0.233359  0  0  0.766641
765  0.173972  0  0  0.826028
770  0.110882  0  0  0.889118
775  0.0434218  0  0  0.956578
780  0  0  0  1
785  0  0  0  1
790  0  0  0  1
795  0  0  0  1
800  0  0  0  1
805  0  0  0  1
810  0  0  0  1
815  0  0  0  1
820  0  0  0  1
825  0  0  0  1
830  0  0  0  1
835  0  0  0  1
840  0  0  0  1
845  0  0  0  1
850  0  0  0  1
855  0  0  0  1
860  0  0  0  1
865  0  0  0  1
870  0  0  0  1
875  0  0  0  1
880  0  0  0  1
885  0  0  0  1
890  0  0  0  1
895  0  0  0  1
900  0  0  0  1
905  0  0  0  1
910  0  0  0  1
915  0  0  0  1
920  0  0  0  1
925  0  0  0  1
930  0  0  0  1
935  0  0  0  1
940  0  0  0  1
945  0  0  0  1
950  0  0  0  1
955  0  0  0  1
960  0  0  0  1
965  0  0  0  1
970  0  0  0  1
975  0  0  0  1
980  0  0  0  1
985  0  0  0  1
990  0  0  0  1
995  0  0  0  1
1000  0  0  0  1
1005  0  0  0  1
1010  0  0  0  1
1015  0  0  0  1
1020  0  0  0  1
1025  0  0  0  1
1030  0  0  0  1
1035  0  0  0  1
1040  0  0  0  1
1045  0  0  0  1
1050  0  0  0  1
1055  0  0  0  1
1060  0  0  0  1
1065  0  0  0  1
1070  0  0  0  1
1075  0  0  0  1
1080  0  0  0  1
1085  0  0  0  1
1090  0  0  0  1
1095  0  0  0  1
